Point Name,Latitude,Longitude
UAV BASE,49.97507200338225,21.934204101562504
A,50.035973672195496,21.603240966796875
B,49.991849726784736,21.76528930664063
C,50.07653192285462,21.73782348632813
D,49.99449830610663,21.65130615234375
E,49.93973135157948,21.464538574218754
Adjacency Matrix
0,24.603093664025867,12.22052935792548,18.002336469419305,20.34145629414154,33.8279161304755
24.603093664025867,0,12.575599279553725,10.613780528980712,5.7501275816185835,14.589610631160058
12.22052935792548,12.575599279553725,0,9.618405370818921,8.153390725848439,22.278321108549317
18.002336469419305,10.613780528980712,9.618405370818921,0,11.017653777353416,24.75473345295231
20.34145629414154,5.7501275816185835,8.153390725848439,11.017653777353416,0,14.680922506994712
33.8279161304755,14.589610631160058,22.278321108549317,24.75473345295231,14.680922506994712,0
